100003 Robinson Hanna 0.00 1.00 4.00 1.00 0.50 4.00 2.50 4.00 2.12 
100007 Moreno Alessia 3.50 1.00 1.00 0.50 0.50 3.50 4.00 3.00 2.12 
100012 Vince Jenna 3.50 1.00 4.00 4.00 4.00 1.50 3.00 2.50 2.94 
100017 Raven Nicholas 2.50 3.00 2.50 4.00 0.00 3.50 2.50 0.50 2.31 
100022 Lewin Naomi 0.50 2.50 3.00 3.50 3.50 2.00 3.50 2.50 2.62 
100024 Stone Laila 4.00 3.00 3.50 0.50 0.50 4.00 0.50 3.00 2.38 
100029 Faulkner Angel 0.00 3.00 4.00 0.00 2.00 2.50 1.50 1.50 1.81 
100031 Bishop Cedrick 4.00 0.50 2.00 0.00 2.50 4.00 3.50 1.50 2.25 
100032 Ulyatt Phillip 3.00 2.00 0.00 3.00 0.50 0.00 2.00 2.00 1.56 
100037 Woods Eileen 1.50 1.50 3.00 4.00 3.50 3.00 2.50 2.50 2.69 
100038 Glass Harmony 0.00 2.50 1.50 0.00 1.00 2.00 1.00 2.50 1.31 
100043 Brennan Mina 0.50 0.00 2.00 1.50 0.50 1.50 0.00 2.50 1.06 
100047 Heaton Kurt 4.00 0.50 0.50 3.50 4.00 1.00 2.50 3.00 2.38 
100051 Neville Jessica 3.00 2.00 1.00 2.50 1.00 0.00 1.50 1.00 1.50 
100053 Saunders Ada 0.50 3.00 2.00 2.00 3.00 0.00 3.00 0.00 1.69 
100055 Latham Paige 3.00 0.50 4.00 1.00 2.50 2.50 3.50 1.50 2.31 
100056 Oliver Wendy 0.50 3.50 4.00 0.00 4.00 0.00 2.50 4.00 2.31 
100058 Dunbar David 4.00 3.00 0.00 1.50 3.00 0.50 0.50 2.50 1.88 
100063 Thompson Cecilia 3.00 3.00 0.00 2.50 2.50 3.00 2.00 3.50 2.44 
100068 Moss Jacqueline 4.00 0.50 1.00 2.50 2.50 0.50 0.50 0.50 1.50 
100073 Gonzales Courtney 2.50 2.50 0.50 1.00 2.50 0.50 3.00 1.00 1.69 
100074 Avery Kimberly 2.50 2.50 0.50 4.00 0.50 1.50 0.00 2.50 1.75 
100075 Hastings Javier 2.00 0.00 2.50 0.50 2.50 0.00 3.50 4.00 1.88 
100080 Tate Daphne 3.50 1.50 0.00 1.00 0.00 1.50 3.50 0.50 1.44 
100081 Woodley Lucy 1.50 2.50 3.50 3.00 0.00 3.00 0.50 3.00 2.12 
100085 Cox Vicky 0.00 2.00 3.50 2.00 0.50 4.00 4.00 0.00 2.00 
100087 Moss Emery 2.00 2.50 2.00 3.50 0.50 3.00 3.50 4.00 2.62 
100091 Shea Wendy 0.50 0.00 3.50 2.50 0.00 4.00 0.00 1.50 1.50 
100095 Hunter Jackeline 2.50 1.50 2.50 0.00 2.00 1.00 3.50 3.50 2.06 
100096 Collingwood Celia 1.50 0.50 0.50 3.00 4.00 4.00 1.00 3.00 2.19 
100097 Brett Mason 1.00 2.00 1.00 4.00 1.00 3.50 0.00 1.00 1.69 
100099 Atkinson Victoria 1.00 1.50 2.50 1.50 4.00 0.50 2.50 3.00 2.06 
100103 Sylvester Scarlett 4.00 2.00 2.00 0.50 1.00 0.50 1.50 0.50 1.50 
100107 Alcroft Lily 3.00 3.00 3.00 0.00 0.50 4.00 1.00 3.00 2.19 
100112 Jenkin Fred 0.50 1.00 2.50 3.50 4.00 4.00 3.50 3.50 2.81 
100115 Slater Doug 3.00 2.00 3.00 3.50 2.50 2.00 0.00 1.00 2.12 
100116 Wise Johnathan 3.50 2.00 2.50 3.00 0.50 2.50 0.50 2.50 2.12 
100120 Knott Paige 2.50 1.50 3.00 4.00 3.00 4.00 3.50 4.00 3.19 
100122 Hilton Aileen 2.50 3.50 4.00 3.00 3.00 1.50 3.50 2.50 2.94 
100123 Oliver Angel 3.00 3.00 2.50 1.50 3.00 0.50 4.00 0.00 2.19 
100128 Uttridge Rita 2.00 2.00 0.00 3.50 1.00 2.50 4.00 2.50 2.19 
100131 Funnell Alessandra 0.00 3.50 0.00 2.00 3.50 3.50 3.50 3.50 2.44 
100133 Oliver Hayden 0.50 0.50 2.50 4.00 2.50 2.00 4.00 1.50 2.19 
100137 Kaur Julia 0.00 0.50 2.00 2.50 3.00 1.50 2.50 1.50 1.69 
100138 Partridge Sadie 2.00 0.50 2.00 0.50 2.00 1.00 3.00 2.50 1.69 
100143 Wade Sydney 1.00 1.00 1.50 1.00 0.00 3.00 2.00 0.00 1.19 
100148 Rycroft Ramon 4.00 4.00 1.00 0.50 3.00 4.00 1.00 1.00 2.31 
100152 Bingham Mabel 1.00 0.00 0.50 1.00 3.00 2.50 4.00 4.00 2.00 
100156 Ellis Meredith 0.00 0.00 2.00 3.50 1.50 2.50 4.00 1.50 1.88 
100159 Dempsey Benny 1.50 3.00 0.50 3.50 2.50 0.00 0.00 3.00 1.75 
100160 Varley Enoch 0.50 2.50 2.50 0.00 0.00 2.50 0.00 2.00 1.25 
100165 Mills Liv 1.00 0.00 4.00 4.00 2.00 0.50 1.00 0.50 1.62 
100168 Price Rhea 1.00 2.00 4.00 0.00 3.00 4.00 3.00 2.00 2.38 
100170 Russell John 1.50 3.00 4.00 1.00 3.00 4.00 3.00 3.00 2.81 
100171 Lynch Bryon 3.00 1.50 2.50 1.00 4.00 1.50 0.50 2.00 2.00 
100172 Chappell Hank 3.00 3.00 2.50 4.00 2.00 1.00 1.50 0.00 2.12 
100176 Corbett Darlene 4.00 2.00 2.00 0.50 0.00 0.50 2.00 3.50 1.81 
100180 Henderson Samara 1.50 1.00 1.50 4.00 2.50 1.50 3.00 3.50 2.31 
100185 Ellwood Ada 4.00 0.00 2.50 0.50 0.00 3.00 1.00 2.50 1.69 
100190 Brennan Iris 2.50 2.50 1.00 2.50 1.50 4.00 4.00 3.00 2.62 
100195 Avery Chanelle 3.50 3.00 3.00 3.50 0.50 4.00 3.50 2.00 2.88 
100199 Middleton Trisha 1.00 2.00 1.50 2.50 2.00 0.00 0.50 0.50 1.25 
100203 Salt Gemma 1.50 1.00 2.00 1.50 0.00 3.50 2.00 1.50 1.62 
100204 Henderson Macy 3.50 1.00 2.00 3.50 3.50 1.50 0.00 1.00 2.00 
100209 Flynn Livia 4.00 2.00 3.00 1.50 2.00 1.00 1.00 2.50 2.12 
100212 Brock Tania 1.50 1.50 0.00 2.50 1.50 1.50 4.00 1.50 1.75 
100216 Shea Christine 2.50 1.00 2.00 4.00 2.00 2.50 3.00 2.50 2.44 
100220 Carson Robyn 3.00 4.00 4.00 0.50 3.00 4.00 0.50 3.00 2.75 
100224 Notman Marilyn 2.00 0.00 3.50 2.50 0.50 4.00 1.00 4.00 2.19 
100229 Rigg Bart 2.50 1.00 2.00 3.00 4.00 2.50 3.00 3.00 2.62 
100234 Camden Winnie 2.00 1.50 3.00 3.50 3.00 3.50 4.00 1.50 2.75 
100236 Hamilton Marie 3.00 2.00 4.00 0.00 0.00 3.00 2.50 4.00 2.31 
100240 Mason Maggie 3.00 1.50 4.00 2.50 2.00 0.50 2.00 3.50 2.38 
100244 Bentley Grace 4.00 3.50 0.00 2.00 2.50 3.50 2.00 0.00 2.19 
100247 Noon Emery 1.50 0.50 2.00 2.50 1.50 1.50 3.00 3.50 2.00 
100251 Funnell Anabel 0.50 2.00 2.00 3.50 3.50 2.50 0.50 2.00 2.06 
100253 Cox Tyler 0.50 3.50 0.00 2.00 1.00 1.00 0.00 3.00 1.38 
100254 Shaw Celina 2.00 3.00 0.00 1.50 3.00 2.00 0.50 2.50 1.81 
100256 Terry Bree 0.50 1.50 1.50 4.00 1.00 2.50 1.00 2.50 1.81 
100259 Bradshaw Peter 0.50 1.00 3.00 0.50 3.50 2.00 0.00 1.50 1.50 
100263 Sheldon Ryan 2.00 3.00 4.00 1.00 4.00 2.50 3.00 0.00 2.44 
100266 Snell Eve 2.50 1.00 2.00 4.00 0.00 0.50 3.50 0.50 1.75 
100267 Michael Sabina 3.50 0.00 3.50 3.00 2.50 0.50 3.50 1.50 2.25 
100270 Townend Margaret 1.50 1.50 2.00 4.00 0.50 4.00 4.00 2.50 2.50 
100272 Paterson Carter 4.00 4.00 0.00 0.50 3.50 0.50 1.00 1.50 1.88 
100273 Slater Valerie 4.00 0.00 3.00 2.00 1.50 0.00 0.50 1.50 1.56 
100275 Simpson Carmella 2.00 3.00 2.00 3.00 3.00 2.00 2.00 0.00 2.12 
100278 Plumb Luke 0.50 3.00 4.00 3.00 3.50 3.50 0.00 2.00 2.44 
100282 Weldon Angelina 1.50 4.00 1.50 4.00 2.00 3.00 3.00 0.50 2.44 
100287 Aldridge Matt 1.50 2.50 1.00 0.50 2.00 2.00 0.00 3.00 1.56 
100291 Yoman Kamila 0.00 1.50 3.00 1.50 2.00 4.00 3.50 1.50 2.12 
100294 Wheeler Winnie 1.00 3.00 4.00 2.50 2.50 1.00 1.50 4.00 2.44 
100296 Boden Hailey 4.00 3.50 3.00 0.50 1.00 2.00 1.50 1.00 2.06 
100298 Darcy Violet 4.00 3.50 4.00 2.50 1.50 1.00 2.50 3.50 2.81 
100303 Baker Paula 2.50 0.50 2.50 0.00 2.00 2.00 4.00 1.00 1.81 
100304 Kaur Danielle 1.00 3.50 1.00 1.50 1.50 4.00 1.50 2.50 2.06 
100308 Mooney Carmella 2.00 3.00 2.50 3.00 0.00 1.50 2.50 3.50 2.25 
100311 Pond Mya 2.50 2.50 3.00 0.50 2.50 3.00 0.00 0.00 1.75 
100313 Fulton Sienna 1.50 2.50 0.00 0.50 0.00 3.00 0.00 4.00 1.44 
100317 Riley Judith 0.50 1.00 3.50 3.00 3.00 0.00 0.50 0.00 1.44 
100322 Poulton Marjorie 0.50 0.00 0.00 4.00 2.50 0.00 3.00 3.00 1.62 
100325 Craig Maya 3.50 0.50 1.50 2.00 0.50 0.00 2.50 3.50 1.75 
100328 Thomas Angela 1.50 2.00 1.50 2.00 3.00 1.00 2.00 1.50 1.81 
100332 Hobbs Ruby 0.50 4.00 1.00 1.00 3.00 0.00 1.50 1.50 1.56 
100337 Buckley Rachael 2.50 0.00 2.00 2.00 1.50 2.00 1.50 1.00 1.56 
100341 Collins Nicole 4.00 0.00 2.50 2.50 3.50 2.00 3.00 2.00 2.44 
100343 Osmond Adelaide 3.00 1.00 0.50 2.50 2.50 1.00 2.00 1.00 1.69 
100345 Notman Emma 3.00 0.50 2.00 2.00 2.00 0.50 2.50 0.50 1.62 
100346 Tobin Emery 1.00 3.50 2.00 3.50 0.00 3.50 0.50 1.50 1.94 
100348 Reese Paige 4.00 1.00 0.00 2.00 4.00 3.50 4.00 1.00 2.44 
100352 Dickson Jayden 1.00 0.50 1.50 3.00 2.00 0.00 1.50 3.00 1.56 
100354 Eyres Adina 3.50 2.50 1.00 0.50 0.00 3.50 2.00 3.00 2.00 
100357 Lowe Denny 1.50 4.00 2.00 2.50 2.50 2.50 2.00 4.00 2.62 
100362 Lomax Estrella 3.50 3.50 0.50 1.00 3.00 0.00 0.00 0.50 1.50 
100365 Hastings Mina 2.50 1.00 2.50 2.50 4.00 2.50 3.50 2.00 2.56 
100367 Walsh Naomi 0.00 1.00 2.00 2.50 4.00 0.50 0.00 3.00 1.62 
100372 Jeffery Daphne 4.00 0.00 4.00 3.00 1.00 1.50 4.00 1.50 2.38 
100373 Tutton Andrea 2.50 1.00 1.50 1.50 0.50 0.50 3.50 2.00 1.62 
100375 Butler Brad 1.00 2.50 0.00 3.00 3.50 2.50 2.00 1.50 2.00 
100378 Stanton Lucy 0.00 4.00 4.00 3.50 0.00 3.50 0.50 3.50 2.38 
100379 Jefferson Daniel 1.50 1.00 3.00 1.00 0.50 1.50 3.50 3.00 1.88 
100382 Drake Aisha 1.50 0.00 2.50 0.50 2.00 2.50 4.00 3.50 2.06 
100385 Forester Rachael 0.00 2.00 1.50 4.00 2.50 0.00 1.00 3.00 1.75 
100387 Villiger Jennifer 0.00 1.50 3.50 1.50 3.00 0.50 3.50 1.00 1.81 
100392 Wilde Ron 4.00 1.50 4.00 1.00 2.00 2.50 4.00 2.50 2.69 
100397 Pierce Norah 0.00 0.50 2.00 4.00 1.00 3.00 0.50 1.50 1.56 
100400 Walter Mayleen 1.00 0.00 1.50 3.50 1.00 1.00 4.00 1.50 1.69 
100404 Rixon Maxwell 3.00 0.50 3.50 2.50 2.50 1.50 0.00 0.50 1.75 
100409 Olivier Ivette 2.50 1.00 0.00 2.50 0.00 1.00 2.00 1.50 1.31 
100413 Dixon Jamie 4.00 3.00 0.50 3.00 0.50 0.00 2.50 2.00 1.94 
100416 Alcroft Rick 3.00 0.50 3.50 4.00 1.50 3.00 2.00 1.00 2.31 
100419 Rothwell Jayden 2.50 3.50 2.50 0.50 0.00 3.50 1.00 2.00 1.94 
100420 West Judith 1.00 0.50 2.00 2.50 2.50 3.50 2.50 2.00 2.06 
100425 Chappell Jacqueline 2.50 2.50 1.00 2.00 2.50 0.00 3.50 0.00 1.75 
100429 Uddin Julius 0.00 0.50 0.00 0.50 3.00 3.50 0.00 1.00 1.06 
100434 Price Harry 2.50 0.50 0.50 0.00 0.00 1.00 1.50 2.50 1.06 
100437 Abbot Elly 3.00 2.00 1.00 1.00 0.00 2.50 0.00 0.00 1.19 
100439 Eagle Maribel 4.00 0.50 3.00 1.00 1.50 4.00 2.50 3.00 2.44 
100443 Bryant Wade 3.00 2.50 0.50 2.50 1.50 1.50 0.50 1.00 1.62 
100444 Dillon Mara 1.00 4.00 0.50 2.00 0.00 1.00 0.00 2.50 1.38 
100449 Ballard Miley 1.00 2.50 2.00 2.50 1.00 0.00 2.50 0.00 1.44 
100452 Coleman Alexa 1.50 1.00 0.00 3.50 3.50 2.00 2.50 1.00 1.88 
100454 Driscoll Anais 0.50 3.00 0.00 0.00 0.50 3.00 0.00 1.00 1.00 
100455 Baker Maribel 1.50 4.00 0.50 2.50 1.50 2.00 2.00 2.00 2.00 
100458 Mann Willow 3.00 3.50 2.50 2.50 4.00 3.50 1.50 1.00 2.69 
100463 Dobson Noemi 0.50 0.00 3.50 3.50 1.00 3.00 3.50 0.00 1.88 
100464 Crawley Tiffany 2.00 1.00 1.00 3.50 1.50 3.50 1.00 0.50 1.75 
100465 Chester Agnes 0.00 2.50 3.50 3.00 0.50 0.50 0.00 2.00 1.50 
100470 Wade Raquel 4.00 0.50 1.00 1.50 3.50 0.50 2.50 0.00 1.69 
100471 Flack Chad 1.00 0.00 1.50 1.00 0.50 1.00 1.00 2.50 1.06 
100475 Larsen Alex 0.50 3.50 3.00 0.50 1.00 3.50 1.00 3.00 2.00 
100479 Stevenson Chester 0.50 1.00 0.00 2.50 0.50 4.00 2.00 3.00 1.69 
100481 Cavanagh Marjorie 1.00 1.00 3.00 1.00 0.00 1.00 1.00 1.50 1.19 
100482 Sinclair Matthew 0.50 0.50 0.00 3.50 0.00 3.00 0.00 2.00 1.19 
100487 Samuel Zoe 1.50 3.50 3.50 0.00 0.00 2.50 0.00 3.00 1.75 
100490 Thatcher Rowan 0.50 3.00 0.00 1.00 0.00 0.00 2.00 4.00 1.31 
100491 Thorpe Camellia 1.50 4.00 1.50 2.00 2.50 3.00 2.50 3.50 2.56 
100493 Horton Willow 0.50 3.00 1.50 1.50 3.00 3.50 2.00 3.50 2.31 
100496 Potts Rita 0.50 4.00 2.00 0.00 3.50 4.00 0.50 0.50 1.88 
100500 Reese Ema 0.50 0.50 2.00 0.00 2.00 2.00 3.00 1.00 1.38 
100501 Hewitt Angela 1.00 3.50 4.00 0.00 0.00 1.50 4.00 0.00 1.75 
100503 Whitehouse Ellen 4.00 1.50 0.00 2.50 4.00 2.50 0.50 0.50 1.94 
100507 Lunt Lucy 2.00 4.00 0.00 1.00 1.00 2.50 2.50 0.50 1.69 
100509 Oswald Hazel 3.00 2.00 3.50 0.50 4.00 0.50 4.00 3.00 2.56 
100513 Ring Mary 1.50 2.00 4.00 0.00 3.50 1.50 3.00 1.50 2.12 
100515 Hopkins Tiffany 1.50 2.50 2.50 1.50 0.00 3.00 0.50 1.50 1.62 
100518 Mason Martin 1.50 4.00 3.00 1.50 0.00 2.00 2.50 1.00 1.94 
100520 Blythe Hailey 3.00 1.50 2.00 2.50 1.00 1.00 0.50 3.50 1.88 
100523 Devonport Carmen 2.00 1.50 1.00 1.00 4.00 3.50 0.50 3.50 2.12 
100528 Lambert Davina 4.00 0.50 1.00 0.50 1.50 1.00 1.50 2.00 1.50 
100531 Norris Dakota 2.50 4.00 2.00 1.50 4.00 1.50 0.00 1.50 2.12 
100534 Cassidy Willow 2.50 4.00 3.00 3.50 1.50 0.50 3.50 0.00 2.31 
100537 Lynn Chad 3.50 2.50 3.50 3.00 1.00 3.00 3.50 1.00 2.62 
100538 Hewitt Rosa 0.00 1.00 1.50 2.00 3.00 3.00 1.00 1.00 1.56 
100542 Bradley Bernadette 1.00 3.00 2.00 3.00 4.00 1.50 1.00 3.00 2.31 
100544 Mcgee Chanelle 3.50 3.00 2.50 3.00 4.00 0.00 0.00 1.00 2.12 
100546 Whittle Rosalie 2.50 2.00 1.00 2.00 3.50 4.00 2.50 1.00 2.31 
100547 Partridge Martha 1.00 0.00 1.50 3.00 2.50 1.50 1.00 1.00 1.44 
100551 Hudson Daniel 4.00 0.00 3.00 0.00 3.50 3.50 3.50 4.00 2.69 
100556 Hepburn Sage 1.50 4.00 2.00 0.00 2.00 2.00 3.50 3.00 2.25 
100559 Allwood Domenic 2.50 3.00 2.00 0.50 1.50 0.00 0.00 2.00 1.44 
100563 Cox Mara 3.50 3.50 2.00 4.00 1.50 2.50 2.00 0.50 2.44 
100566 Heaton Freya 3.50 0.00 1.00 0.50 3.00 3.00 3.50 2.50 2.12 
100568 Archer Gemma 3.00 3.00 3.00 1.00 4.00 3.00 3.50 1.00 2.69 
100569 Poole Celia 1.00 2.00 0.50 4.00 3.50 3.00 4.00 0.00 2.25 
100574 Umney Kenzie 3.50 0.00 0.00 2.00 3.00 2.00 4.00 3.00 2.19 
100577 Irving Carrie 3.00 1.50 4.00 1.50 3.00 2.00 2.50 4.00 2.69 
100579 Summers Clarissa 1.50 1.00 1.00 4.00 1.50 1.50 2.50 2.50 1.94 
100580 Upton Chuck 1.50 2.50 2.00 3.00 0.50 2.50 0.50 2.50 1.88 
100581 Bingham Makena 3.50 0.50 3.00 1.50 3.00 0.00 0.00 0.50 1.50 
100585 Whitmore Tiffany 3.50 0.50 4.00 2.00 4.00 0.50 4.00 0.00 2.31 
100589 Armstrong Dorothy 0.00 1.50 2.00 1.50 0.00 2.00 3.50 0.50 1.38 
100593 Clayton Wade 1.00 2.00 2.00 1.50 0.00 0.50 2.50 0.50 1.25 
100596 Walsh Stacy 2.00 1.00 3.00 0.00 1.50 1.50 3.50 0.00 1.56 
100598 Archer Charlotte 1.50 1.00 1.00 1.50 3.00 1.00 4.00 3.00 2.00 
100601 Poole Rachael 3.00 0.00 3.00 2.00 0.00 2.50 2.50 3.50 2.06 
100603 Talbot Rose 1.50 1.00 3.00 2.00 1.00 0.00 4.00 4.00 2.06 
100608 Ranks Elijah 1.00 4.00 1.50 1.00 3.50 3.00 1.50 0.00 1.94 
100611 Roth Juliet 1.50 2.00 1.50 4.00 3.00 3.50 3.00 0.00 2.31 
100615 Roman Harvey 1.50 2.50 1.50 2.00 1.50 0.50 3.00 1.50 1.75 
100617 Waterhouse Emely 3.50 2.50 4.00 2.00 1.00 2.00 4.00 3.00 2.75 
100620 Notman Matthew 1.00 1.50 1.50 1.50 0.50 2.50 2.00 3.50 1.75 
100622 Yarwood Violet 2.50 2.00 0.50 3.00 2.50 3.50 0.50 3.50 2.25 
100626 Baker Lindsay 1.00 0.50 0.50 2.00 1.00 1.00 4.00 4.00 1.75 
100630 Donovan Bob 2.50 0.50 4.00 1.00 4.00 3.00 2.50 4.00 2.69 
100633 Morrison Elle 0.50 2.00 3.50 3.50 3.00 2.50 4.00 3.50 2.81 
100638 Hale Jaylene 1.00 0.00 3.00 0.50 3.00 2.50 2.00 1.50 1.69 
100640 Appleton Melinda 2.50 1.50 3.50 1.50 3.50 3.00 0.00 2.50 2.25 
100643 West Abbey 0.00 1.00 1.00 0.50 1.00 4.00 3.00 2.50 1.62 
100646 Ebden Rosemary 3.00 3.50 3.50 1.50 1.00 3.00 1.00 2.00 2.31 
100648 Mcguire Amy 2.50 0.00 1.00 1.50 1.00 4.00 4.00 0.00 1.75 
100652 Victor Carina 1.50 3.00 0.00 3.50 0.50 4.00 2.00 0.50 1.88 
100657 Saunders Phoebe 2.00 1.00 4.00 0.00 0.00 1.50 0.00 2.50 1.38 
100658 Myatt Nathan 4.00 0.50 3.00 1.00 2.00 3.50 3.00 0.50 2.19 
100662 Jarrett Taylor 3.00 2.50 1.00 0.00 1.00 2.00 0.50 2.00 1.50 
100663 Buckley Boris 3.50 1.50 3.00 1.00 2.00 2.50 0.50 0.00 1.75 
100665 Redwood Rowan 2.50 4.00 3.50 1.50 2.50 4.00 2.50 3.50 3.00 
100669 Dempsey Lucy 0.50 3.00 0.50 1.00 0.00 3.00 3.50 1.50 1.62 
100672 Quinnell Angelique 0.00 3.00 2.50 0.00 0.50 3.00 2.50 0.00 1.44 
100676 Olson Marvin 0.00 2.00 4.00 2.00 3.00 2.50 1.50 4.00 2.38 
100679 Miller Carissa 1.50 0.50 0.50 0.50 1.50 1.00 3.50 4.00 1.62 
100683 Radley Melanie 3.00 3.50 3.50 0.00 2.00 0.00 3.50 2.50 2.25 
100688 Bennett John 3.00 1.50 2.50 0.50 1.00 1.50 0.50 3.00 1.69 
100690 Coll Ronald 0.00 3.00 3.50 2.00 4.00 2.50 3.00 2.00 2.50 
100693 Broomfield Ramon 3.50 0.00 1.00 4.00 1.50 0.00 2.00 3.00 1.88 
100694 Ralph Ema 2.50 3.50 3.50 2.50 0.00 2.50 2.00 0.00 2.06 
100696 York Leanne 0.00 1.50 0.00 3.00 1.00 0.00 1.00 1.00 0.94 
100701 Horton Adina 0.00 1.50 1.00 3.00 1.00 4.00 3.00 4.00 2.19 
100705 Price Beatrice 0.00 3.50 2.50 0.50 3.50 1.50 2.00 0.00 1.69 
100709 Gaynor Nicole 2.00 2.50 0.50 0.00 1.50 3.00 3.00 3.00 1.94 
100711 Richardson Raquel 0.00 3.00 2.00 3.50 3.00 1.50 3.50 0.50 2.12 
100713 Durrant Hadley 0.00 4.00 1.50 2.50 0.50 3.00 1.00 2.00 1.81 
100717 Tyler Noah 4.00 0.00 4.00 2.00 1.50 2.50 2.50 0.50 2.12 
100720 Stevens Charlotte 3.00 3.50 3.50 2.50 1.00 0.00 2.00 1.00 2.06 
100725 Hopkins Angelina 1.00 2.00 1.50 3.00 3.00 2.50 1.00 2.50 2.06 
100727 Devonport Rosalyn 1.50 1.00 3.50 1.50 4.00 1.00 1.00 1.50 1.88 
100732 Lakey Jennifer 2.00 1.50 1.50 2.50 3.00 2.00 3.00 1.50 2.12 
100733 Saunders Molly 1.50 2.00 4.00 3.50 0.00 3.50 4.00 2.50 2.62 
100734 Maxwell Isabella 0.50 4.00 1.00 4.00 2.50 3.50 0.50 1.00 2.12 
100739 Skinner Cassandra 1.00 1.50 2.00 3.00 2.00 3.50 1.00 2.00 2.00 
100741 Swift Rick 1.00 2.50 4.00 4.00 2.00 2.50 1.00 1.00 2.25 
100744 Power Johnathan 0.00 2.00 1.00 2.50 1.00 0.00 4.00 2.00 1.56 
100745 Richards Rosalee 0.00 4.00 3.00 0.50 1.00 3.50 1.50 4.00 2.19 
100749 Lakey Lara 0.00 0.00 2.50 1.50 0.00 0.00 1.50 0.50 0.75 
100752 Drummond Angelina 0.50 2.00 0.00 1.50 3.50 0.50 4.00 1.00 1.62 
100753 Wise Jazmin 2.00 3.00 2.50 2.50 1.00 2.00 2.50 0.50 2.00 
100758 Clarke Norah 2.00 1.00 0.00 1.00 0.50 3.00 3.00 3.00 1.69 
100760 Veale Liam 1.50 2.50 2.00 1.00 1.00 0.50 1.00 2.50 1.50 
100763 Duvall Cristal 0.00 0.00 2.00 3.50 2.00 2.00 0.50 3.50 1.69 
100766 Payne Nicholas 2.00 2.50 0.50 0.50 1.50 1.50 0.50 1.50 1.31 
100768 Burnley Cassandra 0.50 1.50 0.50 3.00 1.50 1.50 4.00 3.50 2.00 
100772 Baldwin Madelyn 0.50 4.00 0.50 1.50 2.00 0.00 0.00 3.00 1.44 
100774 Knight Shay 3.00 0.00 2.00 2.00 3.00 1.00 0.00 2.00 1.62 
100779 Mould Ruby 3.50 3.50 2.50 3.50 1.50 4.00 4.00 3.00 3.19 
100780 Neville Ron 3.00 2.50 1.50 4.00 0.00 4.00 1.00 1.00 2.12 
100784 Ebden Tyson 2.50 1.50 0.00 3.00 0.50 1.50 2.00 1.00 1.50 
100789 Marshall Analise 0.50 1.50 4.00 1.50 4.00 1.00 3.50 3.50 2.44 
100794 Trent Bryce 3.00 4.00 4.00 1.50 2.50 1.00 2.00 3.00 2.62 
100796 Hall Manuel 0.50 4.00 4.00 1.00 3.50 0.50 1.50 1.00 2.00 
100797 Shepherd Andrea 4.00 3.00 4.00 2.00 2.50 2.00 0.50 2.00 2.50 
100799 Bishop Enoch 0.00 1.00 2.00 1.00 0.50 1.50 3.00 0.00 1.12 
100800 Funnell Penny 0.50 0.50 4.00 4.00 0.50 3.50 1.50 3.50 2.25 
100804 Blythe Adalie 3.50 1.00 4.00 0.00 4.00 2.00 3.00 3.00 2.56 
100806 Gilbert Bryce 2.50 2.50 2.00 2.00 0.00 2.50 4.00 3.00 2.31 
100808 Faulkner Ember 2.50 1.50 0.50 0.00 3.00 0.00 0.50 1.00 1.12 
100810 Hancock Harry 0.50 2.50 0.50 3.50 2.50 1.00 3.50 4.00 2.25 
100814 Radcliffe Lucas 3.00 1.00 0.00 4.00 2.00 2.50 2.50 1.50 2.06 
100819 Price Aileen 0.50 2.00 2.50 4.00 3.50 0.00 4.00 0.50 2.12 
100823 Nayler Nicholas 4.00 1.50 0.00 4.00 2.00 1.50 2.00 4.00 2.38 
100826 Fisher Julian 1.50 3.00 3.00 2.00 1.00 0.00 2.50 3.50 2.06 
100831 Middleton Cara 1.50 3.00 0.00 4.00 2.00 0.50 2.50 1.50 1.88 
100833 Poulton Rosalie 4.00 3.50 2.00 3.50 0.00 1.50 3.00 3.50 2.62 
100837 Allen Percy 3.00 4.00 1.00 1.50 3.00 4.00 0.50 4.00 2.62 
100838 Raven Allison 0.50 2.00 0.00 3.00 2.00 4.00 3.00 3.00 2.19 
100842 Gilmour Madelyn 0.50 3.00 1.50 3.00 0.00 2.50 2.50 2.50 1.94 
100843 Lakey Makena 3.50 3.50 1.00 0.50 0.00 0.00 4.00 0.00 1.56 
100846 Darcy Morgan 1.50 0.50 2.00 2.50 3.00 4.00 2.50 2.50 2.31 
100847 Wooldridge Janelle 2.00 3.50 4.00 2.50 3.00 3.50 3.00 2.50 3.00 
100848 Groves Julian 2.50 0.00 2.50 2.50 0.50 0.00 1.50 1.50 1.38 
100853 Partridge George 2.00 4.00 0.00 2.00 2.50 1.00 3.00 1.00 1.94 
100858 Sylvester Marla 1.50 3.50 2.00 2.00 3.00 4.00 1.00 1.50 2.31 
100860 Stark Jolene 4.00 1.00 0.00 0.50 4.00 3.50 1.50 0.50 1.88 
100862 Andersson Melinda 1.00 1.50 1.00 0.00 0.00 4.00 0.50 0.00 1.00 
100866 Morrow Rosie 1.00 3.50 1.00 3.00 2.00 1.00 3.00 2.00 2.06 
100869 Stark Sadie 0.00 0.00 1.00 1.00 2.50 1.50 1.00 1.00 1.00 
100874 Bentley Paula 4.00 4.00 1.50 3.50 0.50 2.50 2.50 3.50 2.75 
100877 Snow Aurelia 0.50 2.50 3.00 0.00 1.00 0.50 4.00 0.00 1.44 
100881 Everett Eduardo 0.50 0.50 3.50 1.00 3.00 2.00 4.00 0.50 1.88 
100884 Watson Marina 1.50 1.50 0.00 3.50 2.50 3.00 2.00 2.00 2.00 
100889 Nelson Cherish 3.50 3.00 2.50 1.00 0.50 3.00 1.50 4.00 2.38 
100890 Lunt Ramon 3.00 3.50 3.50 4.00 0.50 0.00 3.00 0.50 2.25 
100894 Dickson Nicole 2.50 1.50 0.50 3.50 2.00 1.50 3.50 1.00 2.00 
100897 Rainford Florence 1.50 1.50 1.00 4.00 3.50 0.00 1.50 2.50 1.94 
100898 Dallas Domenic 1.00 1.50 1.00 4.00 0.50 1.00 3.50 2.50 1.88 
100899 Rehman Gladys 0.50 2.50 1.50 0.50 1.00 1.00 0.50 2.50 1.25 
100900 Leigh Leah 1.50 2.50 0.00 2.50 2.50 2.50 1.50 4.00 2.12 
100905 Gallacher Bryce 3.00 3.00 2.00 1.00 3.00 4.00 1.00 2.50 2.44 
100907 Ralph Chloe 1.50 3.50 1.50 0.00 1.00 3.50 0.50 3.00 1.81 
100911 Maxwell Catherine 4.00 0.50 0.00 3.50 1.00 4.00 3.50 3.00 2.44 
100916 Bentley Jessica 0.00 3.50 0.00 4.00 0.50 0.50 0.00 4.00 1.56 
100920 Bishop Javier 0.00 3.50 0.50 2.00 4.00 0.00 3.00 3.00 2.00 
100924 Noach Danielle 0.00 3.50 2.00 0.50 0.50 1.00 1.00 3.00 1.44 
100929 Horton Miley 0.50 2.00 0.50 2.00 0.50 0.50 3.50 4.00 1.69 
100934 Willis Christy 4.00 0.00 3.00 3.50 2.50 0.50 3.00 2.00 2.31 
100939 Egerton Gil 0.50 0.00 2.50 3.00 1.00 4.00 2.50 2.50 2.00 
100943 Pond Iris 0.50 0.00 2.50 0.50 3.50 3.00 1.00 1.50 1.56 
100944 Fields Madelyn 1.00 2.50 3.50 4.00 0.00 2.50 2.00 3.00 2.31 
100947 Armstrong Luna 3.00 3.50 2.00 3.50 0.00 2.50 0.00 3.50 2.25 
100952 Todd Daphne 3.00 1.00 3.50 1.00 2.00 2.00 2.50 2.50 2.19 
100954 Garner Javier 1.00 4.00 2.00 2.00 3.00 2.50 1.50 0.50 2.06 
100955 Stark Wade 4.00 2.50 1.50 2.00 2.50 4.00 3.00 3.50 2.88 
100957 Lambert Benny 0.50 1.50 1.50 2.00 3.50 4.00 1.50 2.50 2.12 
100961 Moran Matt 3.50 1.00 0.50 1.50 1.00 0.50 1.00 3.00 1.50 
100963 Baldwin Analise 1.50 4.00 2.50 4.00 1.00 0.50 2.00 0.50 2.00 
100967 Shea Marvin 1.00 3.50 2.50 1.50 4.00 3.00 2.50 2.00 2.50 
100968 Wills Bart 0.50 0.00 1.00 0.00 3.00 3.00 2.00 4.00 1.69 
100970 Zaoui Hank 3.50 3.00 1.50 4.00 2.50 2.50 3.00 1.50 2.69 
100973 Simmons Mason 1.50 0.50 3.00 0.00 2.50 3.00 0.00 0.00 1.31 
100975 Rodgers Hank 2.50 3.50 3.50 2.00 0.00 0.50 3.00 3.00 2.25 
100976 Willis Mackenzie 2.50 3.50 0.00 0.00 0.50 4.00 2.50 2.00 1.88 
100979 Nobbs Helen 3.00 4.00 2.50 1.00 0.50 1.00 3.50 4.00 2.44 
100980 Rivers Abbey 0.00 4.00 1.00 1.50 0.50 0.50 4.00 2.50 1.75 
100982 Porter Chester 0.50 0.00 0.50 0.50 0.50 0.50 2.50 4.00 1.12 
100986 Patel Tiffany 2.00 0.00 3.50 2.50 4.00 0.50 1.00 3.00 2.06 
100990 Eaton Nick 4.00 2.50 1.50 1.50 0.50 3.00 2.50 2.50 2.25 
100991 Upsdell Analise 3.00 4.00 2.50 0.00 1.00 2.00 3.50 0.50 2.06 
100996 Ingram Eileen 1.00 3.50 0.50 1.00 3.00 0.00 4.00 3.50 2.06 
100999 Stark Mina 0.00 1.00 0.50 3.50 1.50 3.00 3.50 1.00 1.75 
101004 Coleman Ronald 0.50 4.00 1.00 1.00 1.50 0.00 1.00 0.00 1.12 
101009 Bright Rylee 1.00 2.50 0.00 2.00 3.50 3.50 0.00 1.50 1.75 
101013 Tate Camden 1.50 0.50 2.50 1.00 3.00 0.50 4.00 0.50 1.69 
101016 Alexander Javier 4.00 0.00 1.00 4.00 1.50 0.00 1.50 0.00 1.50 
101018 Shelton Cecilia 2.00 2.00 0.00 3.00 3.00 3.50 1.50 3.50 2.31 
101023 Eddison Carina 3.00 1.50 1.00 3.00 2.50 3.00 0.00 3.50 2.19 
101024 Butler Hannah 3.00 3.50 0.50 2.00 4.00 1.00 0.00 2.00 2.00 
101025 Widdows Danny 3.00 1.00 3.50 2.00 0.50 2.50 2.00 1.00 1.94 
101030 Fisher Laila 4.00 2.50 3.00 2.00 1.50 3.00 1.50 0.00 2.19 
101032 Woodley Kamila 0.00 0.50 4.00 1.00 0.00 2.00 1.50 1.00 1.25 
101036 Dale Livia 1.00 0.50 3.00 1.00 3.50 0.50 0.00 1.50 1.38 
101037 Gunn Peter 3.50 4.00 4.00 1.50 4.00 3.00 1.00 3.50 3.06 
101040 Weston Julius 0.50 0.00 3.50 3.00 0.00 1.50 0.00 1.00 1.19 
101045 Forester Leslie 3.00 3.50 2.00 0.50 3.00 0.00 0.00 3.50 1.94 
101048 Lindop Henry 0.50 3.50 1.00 3.00 0.00 2.00 3.00 2.00 1.88 
101051 Powell Caitlyn 3.50 1.00 0.50 2.50 1.00 4.00 2.00 1.50 2.00 
101052 Pickard Dalia 1.50 1.50 2.00 3.50 1.50 0.50 4.00 2.50 2.12 
101057 Khan Candice 1.50 3.50 0.00 3.00 0.00 2.50 0.50 3.50 1.81 
101062 Farrant Ethan 0.50 2.00 0.00 1.00 2.50 1.50 0.00 2.50 1.25 
101063 Baxter Harvey 1.00 2.50 3.00 2.00 3.50 0.50 1.50 3.00 2.12 
101064 Crawley Isabella 3.00 0.00 1.00 3.50 3.00 0.00 4.00 2.50 2.12 
101068 Mackenzie Isabella 2.50 1.50 2.50 3.50 3.50 1.00 0.00 2.50 2.12 
101069 Dempsey Rosa 4.00 1.50 3.50 2.50 2.50 0.00 3.00 1.00 2.25 
101072 Stubbs Cassandra 3.00 1.00 3.00 4.00 4.00 1.00 1.50 1.50 2.38 
101075 Farrow Juliet 0.50 1.00 0.50 0.00 0.50 3.50 3.50 2.00 1.44 
101076 Cobb Evelynn 2.50 0.00 0.00 2.50 4.00 0.50 4.00 3.00 2.06 
101077 Noach Bree 0.50 2.00 0.50 2.50 0.50 3.00 3.50 3.50 2.00 
101078 Baldwin Sloane 0.50 0.00 4.00 3.50 3.50 2.50 1.50 2.50 2.25 
101079 Gavin Mavis 2.50 1.00 3.50 1.50 3.00 2.00 2.50 1.50 2.19 
101080 Chester Ivy 1.50 3.50 4.00 0.50 1.50 3.50 0.50 1.00 2.00 
101084 Huggins Kassandra 4.00 0.50 2.50 1.00 1.50 0.50 1.00 2.00 1.62 
101086 John Caleb 3.00 3.00 3.50 1.00 4.00 1.50 2.50 0.50 2.38 
101091 Wright Natalie 1.50 1.50 3.00 1.00 1.50 1.00 2.00 3.50 1.88 
101095 Brett Sofie 3.00 1.00 3.00 3.50 1.50 2.00 1.00 3.50 2.31 
101099 Booth Christine 1.00 0.50 2.00 3.00 0.00 2.50 2.00 0.00 1.38 
101101 Murray Bryon 2.00 2.00 1.50 4.00 2.50 4.00 1.00 1.00 2.25 
101102 Darcy Savannah 1.00 1.50 3.00 2.00 4.00 3.00 0.50 1.50 2.06 
101107 Kelly Rosalyn 2.50 0.00 2.50 3.00 0.00 3.00 0.00 2.00 1.62 
101111 Roth Ivette 2.00 2.50 2.00 3.50 2.00 4.00 1.00 4.00 2.62 
101112 Rowan Katelyn 1.00 0.50 2.00 1.00 4.00 1.50 1.00 2.50 1.69 
101117 Oakley Ronald 1.50 3.00 1.50 3.50 1.50 1.50 2.00 2.50 2.12 
101122 Norton Alma 0.50 3.50 0.50 4.00 3.00 0.50 3.50 0.00 1.94 
101127 Gordon Faith 2.50 2.50 1.50 3.50 2.50 4.00 3.00 0.50 2.50 
101128 Grant Charlotte 3.00 3.00 4.00 3.00 2.50 2.00 2.00 0.50 2.50 
101131 Pickard Sienna 1.50 3.00 2.00 2.50 0.00 3.00 3.50 0.50 2.00 
101135 Weston Hazel 3.00 0.50 3.50 0.00 0.00 4.00 2.00 0.50 1.69 
101138 Booth Matthew 0.00 2.50 2.00 1.00 3.00 3.50 2.50 1.00 1.94 
101141 Pickard Denny 4.00 3.50 1.00 1.00 0.50 2.00 3.00 0.50 1.94 
101144 Everett Erin 3.50 0.00 3.50 2.00 2.00 1.00 1.00 3.50 2.06 
101145 Cunningham Ruby 3.00 2.50 2.50 2.50 1.50 1.50 0.00 2.50 2.00 
101147 Knight Keira 4.00 0.00 1.50 3.50 3.00 1.50 4.00 4.00 2.69 
101152 Hastings Brad 0.50 3.00 3.00 4.00 1.00 2.50 3.50 2.50 2.50 
101157 Kelly Adela 1.50 2.00 4.00 3.50 1.50 1.50 1.00 3.50 2.31 
101160 Trent Elijah 2.00 3.50 0.00 0.00 2.50 0.00 1.50 4.00 1.69 
101161 Bennett Sabrina 1.50 0.00 4.00 3.50 0.50 4.00 0.50 4.00 2.25 
101163 Thompson Summer 4.00 1.50 3.00 3.50 1.50 0.50 4.00 0.50 2.31 
101166 Hunter Camila 4.00 2.00 2.50 3.00 1.00 3.50 3.50 3.50 2.88 
101169 Swan Miriam 3.00 3.00 2.00 0.00 0.50 0.00 2.00 3.00 1.69 
101174 Kennedy Sydney 2.50 2.50 3.00 3.00 0.50 1.00 4.00 0.50 2.12 
101178 Thorpe Sylvia 1.00 3.00 2.50 2.50 2.00 2.00 1.50 1.00 1.94 
101182 Addison Katelyn 3.00 2.00 2.50 4.00 2.50 2.50 3.50 0.50 2.56 
101187 Rowe Goldie 1.00 4.00 3.00 2.50 3.00 2.50 4.00 0.00 2.50 
101188 Osman Jane 1.00 0.50 4.00 4.00 3.00 2.00 1.00 2.00 2.19 
101190 Farmer Julius 0.50 3.50 1.00 3.50 3.00 0.00 0.50 0.00 1.50 
101195 Page Maria 1.00 0.00 0.00 1.50 1.00 0.00 3.00 3.00 1.19 
101199 Redwood Mike 2.50 4.00 1.00 3.00 0.50 3.00 3.00 3.50 2.56 
101203 Wigley William 0.00 4.00 0.50 3.00 3.50 3.50 4.00 1.50 2.50 
101208 Vaughn Lynn 2.00 1.50 0.00 2.50 4.00 1.50 1.50 3.00 2.00 
101211 Thomas Carmen 4.00 1.50 2.50 3.00 1.00 1.50 4.00 1.50 2.38 
101216 Nanton Dorothy 2.50 2.50 0.50 2.50 4.00 3.00 3.00 0.50 2.31 
101220 Swift Molly 3.50 3.00 0.50 1.00 3.50 0.50 3.50 2.00 2.19 
101224 Larkin Gwenyth 0.50 1.50 1.50 4.00 0.00 1.00 3.00 0.00 1.44 
101226 Chappell Valerie 1.00 2.00 4.00 2.00 2.50 3.50 0.50 3.50 2.38 
101231 Willis Emerald 4.00 4.00 4.00 2.50 2.50 0.50 1.00 4.00 2.81 
101236 Mitchell Camellia 2.50 0.50 1.00 1.00 4.00 0.00 1.00 0.00 1.25 
101238 Norton Anne 2.50 0.00 3.50 2.00 0.00 3.00 0.00 1.00 1.50 
101242 Griffiths Alba 0.50 4.00 2.50 0.50 3.00 2.00 4.00 3.50 2.50 
101247 Holt Ivette 1.00 0.00 1.50 2.00 3.50 2.50 3.00 0.50 1.75 
101250 Bradshaw Rachael 1.50 2.50 2.50 0.00 1.00 1.50 1.50 3.50 1.75 
101252 Eyres Ema 1.00 0.50 3.00 3.50 0.00 3.00 0.00 2.50 1.69 
101254 Williams Adina 1.00 3.00 0.00 3.50 0.50 1.50 1.50 1.50 1.56 
101255 Hopkins Candice 1.00 4.00 3.50 0.50 0.50 0.50 4.00 1.00 1.88 
101260 Terry Carter 4.00 1.50 3.50 0.00 2.00 3.00 0.50 1.50 2.00 
101265 Rehman Bob 1.00 3.50 4.00 1.00 0.00 0.00 4.00 0.00 1.69 
101269 Saunders Leilani 1.50 1.00 3.00 2.50 3.00 1.50 0.00 2.50 1.88 
101273 Nielson Clint 2.00 4.00 3.50 4.00 1.50 3.50 4.00 0.50 2.88 
101278 Bentley Eduardo 1.00 2.50 2.00 1.50 1.00 3.00 4.00 4.00 2.38 
101281 Myatt Kassandra 2.50 0.50 3.00 4.00 4.00 3.00 0.50 3.50 2.62 
101283 Carpenter Daria 3.50 1.00 0.00 0.50 0.50 1.00 2.50 3.50 1.56 
101286 Clarke George 0.50 0.00 0.00 4.00 1.00 2.50 4.00 3.50 1.94 
101287 Warden Rhea 4.00 3.00 2.00 3.50 3.50 2.50 1.00 4.00 2.94 
101289 Darcy Harriet 0.00 2.00 2.00 3.50 3.50 3.50 2.00 3.50 2.50 
101291 Mann Charlize 4.00 0.00 0.50 1.50 0.50 3.50 4.00 0.00 1.75 
101296 Mould Cedrick 3.50 0.00 0.50 4.00 3.50 4.00 1.50 3.50 2.56 
101298 Osmond Marigold 4.00 0.00 2.50 4.00 4.00 1.50 3.50 3.00 2.81 
101299 Parr Havana 0.00 4.00 0.00 2.50 3.50 4.00 2.50 0.00 2.06 
101300 Maxwell Carrie 3.00 3.50 2.00 1.50 0.00 3.00 0.00 0.00 1.62 
101305 Glass Iris 4.00 0.00 3.50 1.50 3.00 2.00 4.00 3.50 2.69 
101309 Long Carla 2.00 2.50 0.00 1.50 2.50 0.00 0.00 3.50 1.50 
101314 Mccormick Hayden 3.00 2.50 3.00 0.00 1.50 3.50 1.50 0.50 1.94 
101316 Jenkins Aeris 2.00 4.00 4.00 1.00 2.50 3.00 0.00 3.00 2.44 
101319 Rogan Mya 4.00 3.00 2.50 3.00 3.50 1.00 0.00 1.50 2.31 
101320 Willson Anne 2.50 0.50 3.50 2.00 3.00 3.50 1.00 1.00 2.12 
101325 Khan Madison 0.00 0.50 4.00 3.50 2.00 2.00 4.00 0.00 2.00 
101326 Harrison Karla 0.00 0.50 0.00 0.50 1.00 0.00 1.00 0.00 0.38 
101328 Michael Angelique 3.50 1.50 3.50 1.00 1.50 3.00 3.50 3.50 2.62 
101330 Fisher Jayden 1.00 2.50 2.50 2.50 0.00 4.00 2.00 3.50 2.25 
101334 Drake Crystal 0.00 0.50 4.00 4.00 2.50 2.50 1.00 0.00 1.81 
101336 Cunningham Zara 2.00 1.50 2.50 2.00 3.50 1.50 4.00 2.00 2.38 
101338 Verdon Sarah 1.00 3.50 3.50 1.00 1.50 2.00 3.50 0.50 2.06 
101339 Clifton Judith 3.00 1.50 1.50 2.00 1.50 3.00 1.50 0.00 1.75 
101342 Whinter Luna 2.50 0.00 4.00 4.00 2.00 0.00 0.50 0.00 1.62 
101344 Roth Bob 4.00 0.00 1.00 1.50 1.50 4.00 0.00 2.00 1.75 
101347 Mann Julian 1.00 2.50 3.00 0.00 1.00 0.00 1.00 1.50 1.25 
101348 Uttley Sage 4.00 1.00 4.00 3.50 3.00 2.00 1.50 2.50 2.69 
101351 Ianson Daron 1.50 2.00 2.00 2.00 2.00 3.00 2.00 1.00 1.94 
101352 Roberts Jamie 3.00 3.00 1.50 3.50 3.50 2.00 2.50 0.50 2.44 
101355 Wise Crystal 1.00 3.00 2.50 3.00 3.00 0.50 1.50 3.50 2.25 
101360 Dowson Nina 0.00 2.00 1.50 0.50 0.50 1.50 1.00 4.00 1.38 
101364 Sawyer Camellia 0.50 2.50 2.50 1.50 1.00 1.00 1.50 4.00 1.81 
101368 Mould Chelsea 2.00 3.50 0.50 3.00 4.00 0.00 0.00 2.00 1.88 
101370 Walsh Jolene 1.50 2.50 1.00 0.50 1.50 2.00 2.50 2.50 1.75 
101371 Hunt Miley 3.00 4.00 0.50 1.50 3.00 2.50 3.50 2.00 2.50 
101372 Fall Francesca 3.00 2.00 0.00 3.00 4.00 1.00 0.50 2.00 1.94 
101377 Downing Francesca 1.50 1.50 0.50 3.00 3.50 1.50 2.00 4.00 2.19 
101381 Jefferson Gil 1.00 0.50 2.50 1.50 2.00 1.00 2.00 3.00 1.69 
101385 Rehman Marjorie 1.50 1.50 2.50 1.50 0.50 4.00 0.00 0.00 1.44 
101388 Stanley Alison 2.00 0.50 0.50 0.00 0.00 1.00 3.50 1.50 1.12 
101393 Boden Kate 2.50 2.50 4.00 2.00 2.00 4.00 2.00 0.00 2.38 
101397 Veale Julianna 4.00 4.00 2.50 1.00 4.00 0.50 0.50 1.50 2.25 
101400 Atkinson Jamie 3.50 0.50 0.00 0.00 2.50 1.50 2.00 0.50 1.31 
101401 Driscoll Abdul 4.00 1.00 3.50 2.50 4.00 1.00 2.00 0.50 2.31 
101403 Jarvis Lauren 3.50 0.00 3.50 1.50 0.00 0.50 2.50 3.50 1.88 
101408 Howard Melinda 4.00 1.00 0.00 1.50 1.50 0.50 0.00 3.00 1.44 
101412 Dixon Maxwell 0.00 0.00 0.00 0.50 4.00 3.50 1.50 0.00 1.19 
101414 Lowe Josephine 0.00 2.50 1.00 2.00 0.50 1.00 3.00 3.50 1.69 
101418 Jacobs Melanie 0.50 3.50 0.50 0.50 1.00 3.50 1.00 2.50 1.62 
101422 Flynn Josh 2.00 0.00 1.50 4.00 4.00 3.50 0.00 1.50 2.06 
101423 Darcy Nicole 0.00 3.50 2.50 0.00 3.00 2.50 2.50 1.50 1.94 
101426 Steer Elle 0.50 1.50 3.50 2.50 0.50 3.00 1.50 0.50 1.69 
101431 Hunter Carolyn 2.00 2.00 4.00 4.00 3.00 4.00 0.00 1.50 2.56 
101436 Robinson Carmella 1.00 0.50 4.00 1.00 0.00 0.50 2.50 3.50 1.62 
101439 Allington Cara 4.00 3.00 1.50 4.00 2.00 1.50 3.00 1.50 2.56 
101443 Kelly Jasmine 0.00 0.00 2.50 4.00 3.00 1.00 1.50 3.50 1.94 
101445 Sylvester Katelyn 1.00 0.00 3.50 2.50 3.00 4.00 3.50 2.50 2.50 
101450 Woods Marina 0.00 0.50 0.00 1.00 4.00 1.00 3.00 1.00 1.31 
101455 Potts Kimberly 1.50 0.50 1.00 1.50 1.00 1.00 1.50 3.50 1.44 
101460 Kelly Alma 1.50 0.00 1.50 4.00 0.50 4.00 2.50 3.00 2.12 
101465 Wise Harry 2.50 1.00 1.00 1.00 2.00 2.50 2.00 4.00 2.00 
101467 Mccall Drew 0.00 3.00 0.50 1.00 1.50 3.00 1.00 4.00 1.75 
101469 Vaughan Amelia 0.50 3.50 1.50 0.50 1.50 1.00 3.50 0.00 1.50 
101474 Garcia Alan 2.50 0.00 1.00 2.00 0.50 2.00 1.50 0.50 1.25 
101475 Beal Jamie 1.00 1.50 3.00 3.00 0.50 0.00 1.50 3.50 1.75 
101478 Lynch Doug 0.00 3.00 0.00 0.00 3.50 1.00 2.00 0.00 1.19 
101480 Pearce Naomi 0.50 3.00 0.00 3.00 2.50 1.50 4.00 2.00 2.06 
101483 Abbey Martha 1.00 1.00 0.00 1.50 1.50 1.50 3.00 3.50 1.62 
101486 Cavanagh Monica 2.00 4.00 0.00 3.00 1.50 3.50 1.00 2.50 2.19 
101489 Mullins Livia 2.00 3.00 2.00 1.50 1.00 3.00 2.50 4.00 2.38 
101493 Sylvester Georgia 2.50 0.00 0.00 2.50 1.00 1.50 1.50 1.50 1.31 
101495 Moran Lindsay 3.00 2.00 0.50 0.50 0.50 3.50 0.50 3.00 1.69 
101499 Cobb Gwen 4.00 3.50 1.50 2.00 1.50 3.00 1.50 0.00 2.12 
101504 Farrow Angelica 0.50 0.50 3.50 0.00 0.50 4.00 1.50 1.50 1.50 
101506 Radley Agnes 0.00 2.50 1.00 1.50 0.50 4.00 3.00 3.00 1.94 
101508 Jones Madelyn 2.50 2.50 0.00 2.00 2.00 4.00 0.50 3.50 2.12 
101509 Yang Boris 1.50 2.50 3.00 2.00 0.50 0.00 2.50 2.00 1.75 
101512 Corbett Isla 0.00 0.00 4.00 2.00 4.00 0.50 0.00 1.00 1.44 
101514 Alcroft Carina 2.50 2.00 3.50 0.00 3.00 3.00 0.00 1.50 1.94 
101517 Reading Jaylene 3.00 2.50 4.00 3.00 3.50 1.00 4.00 3.00 3.00 
101520 Redfern Camden 2.00 2.50 2.00 2.00 2.50 0.00 1.00 0.00 1.50 
101522 Rixon Melinda 3.50 0.00 1.50 4.00 3.00 2.00 2.50 3.50 2.50 
101524 Healy Ron 3.00 1.00 0.50 3.50 4.00 3.50 1.50 3.00 2.50 
101526 Wellington Winnie 1.00 3.00 1.50 0.00 0.50 3.50 2.00 1.50 1.62 
